0.999001 1.92685e-14 4.26527e-11 0.000999448 6.995e-12
0.00103136 2.66449e-27 7.16043e-21 0.998969 1.67686e-22
0.492204 0.00229555 0.000164037 6.19706e-09 0.505336
0.00369817 0.4707 0.516984 1.08603e-13 0.00861772
0.00427686 0.470012 0.516117 2.2293e-13 0.00959437
0.00393635 0.457528 0.530118 1.74271e-13 0.00841728
0.0036635 0.457139 0.531239 1.21491e-13 0.00795812
0.998798 2.50467e-06 2.54682e-06 6.84803e-07 0.00119651
0.00291979 6.38777e-25 4.67378e-19 0.99708 1.72984e-20
0.00411415 6.02061e-24 2.83637e-18 0.995886 1.00131e-19
0.00192721 1.30255e-25 1.46664e-19 0.998073 4.01912e-21
0.999204 9.04653e-18 1.10666e-12 0.000795656 3.72879e-16
0.998847 4.50162e-18 7.94158e-13 0.00115336 1.55043e-16
0.0007799 5.79509e-28 2.12352e-21 0.99922 4.9353e-23
0.00384931 0.464472 0.523091 1.51217e-13 0.0085875
0.998639 1.16453e-17 1.15295e-12 0.00136112 6.99381e-16
0.00310965 3.03916e-25 2.63862e-19 0.99689 1.04085e-20
0.0155855 0.0313866 0.000945336 4.21495e-11 0.952083
0.0211028 0.0342517 0.00120178 9.24433e-11 0.943444
0.00589972 0.504212 0.474985 9.77043e-13 0.0149036
0.00369099 0.450256 0.538389 1.53773e-13 0.00766413
0.998663 4.6562e-18 7.73518e-13 0.00133659 1.94966e-16
0.0130542 0.0386341 0.00113152 7.3228e-12 0.94718
0.00336133 0.450251 0.539233 8.48378e-14 0.00715414
0.00389499 0.451248 0.536815 1.98544e-13 0.00804196
0.00415575 0.453226 0.534077 2.60493e-13 0.00854229
0.0150005 0.0258462 0.000704733 4.22935e-11 0.958449
0.00508277 0.50378 0.47794 3.91639e-13 0.0131968
0.00408388 0.467038 0.51975 1.92281e-13 0.00912811
0.00404081 1.22565e-24 7.72346e-19 0.995959 3.19083e-20
0.00488925 0.495648 0.487173 3.6681e-13 0.0122903
0.0162611 0.0289728 0.000859194 5.27869e-11 0.953907
0.00163001 1.04025e-25 1.19761e-19 0.99837 3.2559e-21
0.000849943 1.57153e-27 4.7075e-21 0.99915 1.04589e-22
0.00555099 0.507021 0.473044 6.04799e-13 0.0143838
0.0054248 0.49749 0.483738 7.0171e-13 0.0133476
0.00555783 0.49439 0.486644 7.70903e-13 0.0134086
0.00459668 0.484278 0.500105 2.90199e-13 0.0110203
0.00423256 0.462659 0.524024 2.59568e-13 0.00908493
0.00139279 4.75562e-26 6.54584e-20 0.998607 1.70824e-21
0.000764716 1.92356e-27 5.44001e-21 0.999235 1.17982e-22
0.00392156 0.459749 0.527855 1.82353e-13 0.00847511
0.0104177 0.031804 0.000787354 5.66425e-12 0.956991
0.99395 1.11367e-05 5.60198e-06 3.26776e-07 0.00603331
0.00391104 0.459454 0.528189 1.80262e-13 0.00844579
0.010554 0.0256553 0.000589899 1.08526e-11 0.963201
0.0097732 0.0252264 0.000557527 4.81363e-12 0.964443
0.0217911 0.0372928 0.00132241 4.19922e-11 0.939594
0.0100372 0.0335926 0.000820021 2.37097e-12 0.95555
0.00504783 0.484058 0.49908 4.81702e-13 0.0118138
0.00523241 0.49905 0.482511 5.38261e-13 0.0132062
0.0109166 0.0238733 0.000548513 1.52753e-11 0.964662
0.00143002 1.93623e-26 3.2482e-20 0.99857 8.85434e-22
0.00144165 2.35466e-25 2.11095e-19 0.998558 6.24637e-21
0.998699 2.80755e-18 6.19341e-13 0.00130121 9.44445e-17
0.98791 4.47373e-15 9.41073e-12 0.0120902 8.28973e-12
0.00382883 0.459145 0.528712 1.59763e-13 0.0083145
0.011184 0.0272543 0.000662358 7.80957e-12 0.960899
0.00515653 0.496548 0.485437 5.17411e-13 0.012858
0.00529688 0.488175 0.494 6.28366e-13 0.0125281
0.99845 1.3943e-18 3.93573e-13 0.00154975 4.92503e-17
0.000834934 1.54075e-27 4.72219e-21 0.999165 9.95126e-23
0.00544094 0.506268 0.474174 5.36362e-13 0.0141167
0.00424611 0.472661 0.513386 2.06633e-13 0.00970692
0.00497145 0.486864 0.496362 4.49536e-13 0.0118018
0.0142449 0.0296641 0.000843566 5.1408e-11 0.955247
0.00825542 0.0192131 0.000355137 3.28093e-12 0.972176
0.00132002 2.48781e-26 4.08575e-20 0.99868 9.83123e-22
0.000865536 1.41418e-27 4.32524e-21 0.999134 9.93013e-23
0.998943 1.09043e-17 1.21898e-12 0.00105732 5.15762e-16
0.00242571 3.66479e-25 3.31016e-19 0.997574 9.482e-21
0.00841405 0.483039 0.492155 1.97288e-12 0.016392
0.0155896 0.0318996 0.000973494 7.05728e-11 0.951537
0.998898 1.15711e-17 1.25531e-12 0.0011021 5.45086e-16
0.00404245 0.461566 0.5256 2.32994e-13 0.00879158
0.00545329 0.501483 0.479273 5.72598e-13 0.0137908
0.00363746 0.453137 0.535476 1.21026e-13 0.00774989
0.0632636 7.78099e-19 1.84591e-14 0.936736 3.79384e-15
0.00546991 0.50288 0.4777 5.73817e-13 0.0139505
0.00351932 0.448929 0.540188 1.07188e-13 0.00736369
0.00131342 4.60932e-26 5.93702e-20 0.998687 1.73678e-21
0.00534421 0.496994 0.484417 5.31394e-13 0.0132448
0.00487639 0.494548 0.488436 3.74906e-13 0.0121399
0.00092283 1.75701e-27 5.07941e-21 0.999077 1.19685e-22
0.998981 1.76189e-06 1.77925e-06 7.13377e-07 0.00101463
0.00148487 1.35728e-25 1.33893e-19 0.998515 4.31244e-21
0.00530498 0.491069 0.490904 5.891e-13 0.0127228
0.00395007 0.458834 0.528733 1.74249e-13 0.00848352
0.00513654 0.488809 0.493797 4.9268e-13 0.0122578
0.00176234 1.68348e-25 1.68074e-19 0.998238 5.09835e-21
0.00182091 1.62683e-25 1.68422e-19 0.998179 4.85825e-21
0.997674 4.45755e-06 3.38796e-06 4.755e-07 0.00231824
0.0114186 0.0222537 0.000506099 1.48545e-11 0.965822
0.00751774 0.0187928 0.000331612 2.76532e-12 0.973358
0.00557365 0.501682 0.47875 6.78679e-13 0.013995
0.998754 5.97838e-18 8.4941e-13 0.00124623 2.73134e-16
0.00382787 0.453278 0.53486 1.59927e-13 0.0080335
0.0052428 0.509203 0.471583 4.38359e-13 0.0139711
0.00524555 0.483115 0.499571 6.18671e-13 0.0120681
0.0153582 0.0333606 0.00102191 5.69681e-11 0.950259
0.998632 2.73861e-18 5.88902e-13 0.001368 9.60921e-17
0.992223 1.53223e-05 6.9928e-06 2.51028e-07 0.0077546
0.00337232 1.68975e-24 1.03541e-18 0.996628 3.7041e-20
0.00590213 0.494426 0.485616 1.02758e-12 0.0140561
0.994997 8.64928e-06 4.56905e-06 3.11641e-07 0.00498905
0.00446958 0.479029 0.506036 2.85443e-13 0.0104655
0.998542 2.47279e-18 5.67518e-13 0.00145834 8.59005e-17
0.00868195 0.0212415 0.000417409 4.79152e-12 0.969659
0.00462455 0.481755 0.502756 3.23142e-13 0.0108649
0.00359011 0.443385 0.545774 1.46906e-13 0.00725154
0.0199404 0.0264111 0.000804671 5.38385e-11 0.952844
0.00397918 0.461187 0.526173 1.81316e-13 0.00866127
0.0157425 0.0284272 0.000837677 7.64772e-11 0.954993
0.996732 5.27725e-06 3.33331e-06 4.52276e-07 0.00325904
0.00505116 0.479371 0.504096 5.8268e-13 0.0114811
0.00345793 7.48368e-25 5.38385e-19 0.996542 2.07892e-20
0.00367916 0.467547 0.520307 1.06648e-13 0.00846621
0.0115959 0.0279121 0.000690682 8.24802e-12 0.959801
0.00409843 0.465022 0.521843 2.00547e-13 0.00903571
0.00386694 0.451962 0.536112 1.71702e-13 0.00805858
0.00264279 3.41222e-25 2.92505e-19 0.997357 1.02235e-20
0.998728 2.58364e-06 2.49721e-06 6.89925e-07 0.00126615
0.00103529 1.96219e-27 5.79221e-21 0.998965 1.30831e-22
0.998478 5.63027e-18 8.76562e-13 0.00152251 2.59676e-16
0.00125835 2.1178e-26 3.38584e-20 0.998742 9.12695e-22
0.0850242 1.36981e-18 3.72883e-14 0.914976 4.08242e-15
0.0109332 0.0220397 0.000495106 1.76406e-11 0.966532
0.00378748 0.45784 0.530203 1.46256e-13 0.00816958
0.0094535 0.0188347 0.000367431 6.69926e-12 0.971344
0.994267 2.31113e-15 1.0546e-11 0.00573302 1.2552e-12
0.00387067 0.467318 0.520037 1.4597e-13 0.00877409
0.0100444 0.020091 0.00041389 9.98081e-12 0.969451
0.00444935 0.492089 0.492227 2.33977e-13 0.0112348
0.0165548 0.0316837 0.00099109 8.67781e-11 0.95077
0.000935008 3.76542e-27 8.66201e-21 0.999065 2.2849e-22
0.00385268 0.47152 0.515674 1.2583e-13 0.00895268
0.0222311 0.0401719 0.00149196 3.05176e-11 0.936105
0.00538215 0.506237 0.47437 5.15156e-13 0.0140103
0.00846946 0.0217876 0.000423783 3.71906e-12 0.969319
0.0105109 0.0374479 0.000964497 3.31341e-12 0.951077
0.000759189 1.12896e-27 3.59905e-21 0.999241 7.85406e-23
0.998796 2.97038e-18 5.83262e-13 0.00120408 1.19901e-16
0.00530932 0.486797 0.495424 5.82734e-13 0.0124691
0.996889 1.41786e-16 3.21665e-12 0.00311091 2.60075e-14
0.00343671 2.43207e-25 2.44242e-19 0.996563 8.09068e-21
0.0116031 0.0320145 0.000824293 5.88269e-12 0.955558
0.00470617 0.4776 0.50694 3.75733e-13 0.0107534
0.00424611 0.472661 0.513386 2.06633e-13 0.00970692
0.00877819 0.0212245 0.000418951 4.20617e-12 0.969578
0.00869062 0.019295 0.000367554 5.26717e-12 0.971647
0.00133781 1.90725e-26 3.24112e-20 0.998662 8.30901e-22
0.00365442 0.454779 0.533754 1.33019e-13 0.00781236
0.0111347 0.0337237 0.000855028 2.61674e-12 0.954287
0.00405303 0.45766 0.52975 2.36568e-13 0.00853689
0.0108975 0.021131 0.000462431 1.46481e-11 0.967509
0.00228369 1.6374e-25 1.62804e-19 0.997716 5.64054e-21
0.014017 0.0276446 0.000756182 3.26283e-11 0.957582
0.0215197 0.0324821 0.00111066 5.73586e-11 0.944888
0.00165777 4.50964e-25 3.41685e-19 0.998342 1.11867e-20
0.00380575 0.46463 0.523005 1.13484e-13 0.00855882
0.00404008 0.459259 0.528044 1.97713e-13 0.00865669
0.0143855 0.0443121 0.00145176 2.35962e-11 0.939851
0.000754062 1.18703e-27 3.75147e-21 0.999246 8.02954e-23
0.00920249 0.022938 0.000472278 4.81427e-12 0.967387
0.00893484 0.0198062 0.000383231 4.08666e-12 0.970876
0.0153504 0.041269 0.00135416 3.63587e-11 0.942026
0.998642 3.5886e-18 7.01948e-13 0.00135772 1.28967e-16
0.00822315 0.523125 0.447741 1.27269e-12 0.0209104
0.00363574 0.459997 0.528333 1.1317e-13 0.00803351
0.00354846 0.436012 0.553549 1.44559e-13 0.00689097
0.00586498 0.50827 0.470707 8.24301e-13 0.0151572
0.998677 2.21384e-18 5.32518e-13 0.00132304 7.26135e-17
0.00587876 0.513235 0.465188 7.67319e-13 0.0156982
0.00464831 0.47514 0.509691 3.35729e-13 0.0105207
0.0124004 0.0318231 0.00086424 2.12803e-11 0.954912
0.0041709 0.467239 0.519303 2.09193e-13 0.00928734
0.0124389 0.0449734 0.00132708 3.36813e-12 0.941261
0.00568468 0.500982 0.479132 7.74873e-13 0.0142008
0.996879 5.93739e-06 3.66795e-06 2.33656e-07 0.00311125
0.998077 5.32519e-15 1.49748e-11 0.00192339 3.27416e-12
0.00355645 0.443069 0.546196 1.2763e-13 0.00717862
0.0146788 0.0452665 0.00150423 2.12077e-11 0.93855
0.0035155 0.440173 0.549304 1.45636e-13 0.00700712
0.0125516 0.0263456 0.000665238 1.36895e-11 0.960438
0.0037026 0.460951 0.527192 1.22281e-13 0.00815507
0.998865 1.11216e-17 1.19193e-12 0.00113466 5.5056e-16
0.00579474 0.503391 0.476182 8.13006e-13 0.014632
0.998152 2.83074e-14 5.07866e-11 0.00184813 1.23376e-11
0.0053671 0.507627 0.472949 4.87509e-13 0.0140573
0.00436741 0.467592 0.518421 2.60745e-13 0.00961958
0.0041948 0.475672 0.510351 1.73457e-13 0.00978156
0.00370107 0.454077 0.534339 1.30034e-13 0.00788311
0.994418 1.53193e-05 8.68076e-06 2.51508e-07 0.00555742
0.00355745 0.449643 0.539348 1.25778e-13 0.00745186
0.998587 1.93719e-18 4.6393e-13 0.00141253 7.10241e-17
0.995795 8.32865e-06 4.68758e-06 2.87344e-07 0.00419214
0.0131873 0.0354242 0.00102452 1.79697e-11 0.950364
0.00371085 0.449588 0.539 1.54688e-13 0.00770063
0.0117645 0.0252712 0.000611876 1.93042e-11 0.962352
0.00353318 0.443571 0.545729 1.32481e-13 0.0071664
0.00350119 7.39679e-25 5.465e-19 0.996499 1.96864e-20
0.99766 4.70137e-06 3.47715e-06 4.50156e-07 0.00233184
0.00366414 0.454763 0.533736 1.35595e-13 0.00783663
0.00402964 0.4627 0.524476 2.06686e-13 0.00879479
0.0052287 0.493665 0.48828 4.72197e-13 0.0128253
0.00489728 0.481269 0.502456 4.1494e-13 0.0113776
0.0050708 0.494031 0.48838 4.10317e-13 0.0125176
0.00355745 0.449643 0.539348 1.25778e-13 0.00745186
0.000782691 1.69908e-27 5.10014e-21 0.999217 1.0282e-22
0.00148136 1.44282e-25 1.43828e-19 0.998519 4.37579e-21
0.998406 3.32314e-18 7.07433e-13 0.00159362 1.09347e-16
0.0097819 0.0224192 0.000473624 5.22911e-12 0.967325
0.00219879 1.00164e-25 1.18045e-19 0.997801 3.59512e-21
0.00371268 0.446955 0.541745 1.5984e-13 0.00758733
0.00511067 0.488405 0.494302 5.38052e-13 0.012182
0.014532 0.0322954 0.000959175 6.13174e-11 0.952213
0.00849132 0.0197821 0.000376955 4.63829e-12 0.97135
0.00469923 0.495067 0.488383 2.6556e-13 0.0118506
0.00519038 0.489089 0.493405 5.94147e-13 0.012315
0.0117874 0.0221101 0.000510171 1.90895e-11 0.965592
0.00318853 8.77069e-25 6.33654e-19 0.996811 2.14706e-20
0.0179441 0.0531441 0.00204961 3.20177e-11 0.926862
0.0117668 0.0226023 0.000529803 2.2649e-11 0.965101
0.998811 5.24416e-18 9.07985e-13 0.00118893 1.74398e-16
0.00186694 1.33917e-25 1.48648e-19 0.998133 4.11304e-21
0.0127457 0.0526742 0.00167574 3.8884e-12 0.932904
0.000830788 1.53479e-27 4.57197e-21 0.999169 1.02485e-22
0.00322249 2.37197e-25 2.16807e-19 0.996777 8.76676e-21
0.00540062 0.492878 0.488714 7.02926e-13 0.0130068
0.996695 5.91064e-06 3.55309e-06 2.64265e-07 0.00329537
0.00481833 0.480093 0.50399 4.17633e-13 0.0110983
0.00923696 0.0202242 0.000402485 6.2395e-12 0.970136
0.000902066 1.55188e-27 4.65758e-21 0.999098 1.06315e-22
0.00111315 2.1168e-26 3.53028e-20 0.998887 8.20876e-22
0.0133912 0.0427276 0.00133623 1.84932e-11 0.942545
0.00504306 0.483933 0.499278 5.40012e-13 0.011746
0.00151053 4.79612e-26 6.51418e-20 0.998489 1.79271e-21
0.00458683 0.473009 0.512129 3.40978e-13 0.0102741
0.001951 1.08293e-25 1.14534e-19 0.998049 4.0288e-21
0.00779913 0.0185918 0.000330018 2.76968e-12 0.973279
0.00516479 0.496679 0.485287 4.70566e-13 0.0128699
0.00262151 3.72639e-25 3.37677e-19 0.997378 9.75034e-21
0.0221979 0.0333875 0.00116633 7.47292e-11 0.943248
0.00966162 0.472572 0.501728 1.17822e-12 0.0160383
0.0147105 0.0294311 0.000846389 4.41075e-11 0.955012
0.000917403 1.99305e-27 5.69813e-21 0.999083 1.28108e-22
0.997533 4.13829e-06 2.97845e-06 5.16295e-07 0.00245935
0.00365407 0.454201 0.534368 1.41318e-13 0.00777766
0.0120973 0.0220539 0.00051593 2.36638e-11 0.965333
0.00505363 0.492142 0.490487 4.82793e-13 0.0123173
0.00955043 0.0195188 0.000388279 7.28198e-12 0.970543
0.99874 2.46661e-18 5.64308e-13 0.00125953 8.45082e-17
0.00395157 0.456227 0.531456 1.92831e-13 0.00836628
0.0122707 0.493569 0.47199 3.54036e-12 0.0221706
0.0115344 0.025082 0.000604922 1.69275e-11 0.962779
0.00410406 0.481847 0.504107 1.33005e-13 0.00994183
0.000837968 1.60326e-27 4.99112e-21 0.999162 1.00589e-22
0.00483695 0.487586 0.495924 4.18813e-13 0.0116535
0.00392455 0.450968 0.537 1.81902e-13 0.00810806
0.0152767 0.0332049 0.00101825 6.53754e-11 0.9505
0.00411476 0.466107 0.520679 2.14212e-13 0.00909892
0.00412724 0.457119 0.530067 2.31026e-13 0.00868625
0.00274941 1.48414e-25 1.62845e-19 0.997251 5.24475e-21
0.00897488 0.0220996 0.000448891 4.50773e-12 0.968477
0.995279 1.04449e-05 5.95551e-06 2.53084e-07 0.00470435
0.00191782 8.03162e-26 9.32697e-20 0.998082 3.04553e-21
0.00101255 2.52509e-27 6.78153e-21 0.998987 1.61612e-22
0.0140824 0.0492423 0.00161285 6.73597e-12 0.935062
0.00377738 0.456768 0.53136 1.53417e-13 0.00809494
0.00404008 0.459259 0.528044 1.97713e-13 0.00865669
0.00181236 7.32127e-26 8.68129e-20 0.998188 2.852e-21
0.0193988 0.031331 0.00104757 1.36482e-10 0.948223
0.000909677 2.60323e-27 6.84596e-21 0.99909 1.61241e-22
0.00551458 0.490469 0.490963 8.50247e-13 0.0130533
0.00387832 0.455226 0.532734 1.89272e-13 0.00816175
0.998771 1.82767e-18 4.24055e-13 0.00122923 7.30242e-17
0.00285858 3.55232e-25 3.09039e-19 0.997141 1.05982e-20
0.998949 3.83278e-18 6.80288e-13 0.00105051 1.41896e-16
0.0162745 0.0338803 0.00107662 6.4497e-11 0.948769
0.0049363 0.493513 0.489396 4.07401e-13 0.0121552
0.996847 5.39893e-06 3.59906e-06 5.21438e-07 0.00314332
0.998601 1.60977e-18 4.35308e-13 0.00139875 5.44666e-17
0.0135887 0.0329075 0.000947745 2.70824e-11 0.952556
0.00672782 0.493269 0.484952 1.11156e-12 0.015051
0.00558695 0.498144 0.482531 7.34798e-13 0.0137378
0.932181 7.96728e-10 1.42864e-07 0.0678184 7.93463e-08
0.00197468 1.53242e-25 1.50463e-19 0.998025 5.1532e-21
0.00188167 2.41828e-25 2.13988e-19 0.998118 7.06745e-21
0.00104667 3.02702e-27 7.43318e-21 0.998953 1.99345e-22
0.00100981 2.57903e-27 6.97552e-21 0.99899 1.62885e-22
0.00178057 1.5232e-25 1.48471e-19 0.998219 4.88614e-21
0.00563618 0.491639 0.489395 8.61126e-13 0.0133297
0.0035347 4.8448e-24 2.54357e-18 0.996465 7.50333e-20
0.0147774 0.0287119 0.000822138 4.68396e-11 0.955689
0.00181893 1.72113e-25 1.79648e-19 0.998181 4.90513e-21
0.999091 1.06219e-15 1.03931e-11 0.000908567 1.5523e-13
0.997377 4.13467e-06 2.8431e-06 5.31897e-07 0.00261519
0.00393804 0.453084 0.53476 2.00674e-13 0.00821753
0.00377738 0.456768 0.53136 1.53417e-13 0.00809494
0.00930496 0.0244194 0.000521933 3.86627e-12 0.965754
0.0104674 0.0403108 0.00106782 2.13703e-12 0.948154
0.00293711 2.15312e-25 2.06938e-19 0.997063 7.49881e-21
0.0104372 0.0292995 0.000699921 3.82223e-12 0.959563
0.00522912 0.495364 0.486563 5.91643e-13 0.0128438
0.0118522 0.0331129 0.000868632 5.80019e-12 0.954166
0.00352905 0.464514 0.523878 7.60814e-14 0.00807946
0.0157812 0.0336694 0.00104593 6.08947e-11 0.949503
0.00356872 0.446514 0.542584 1.38235e-13 0.00733293
0.016448 0.0347493 0.00112176 8.71533e-11 0.947681
0.00301864 2.17201e-25 2.12842e-19 0.996981 7.37342e-21
0.000722161 5.82681e-28 2.12195e-21 0.999278 4.75541e-23
0.0169873 0.026544 0.000775372 5.82056e-11 0.955693
0.00568027 0.511195 0.468121 6.80962e-13 0.0150029
0.0112954 0.0292982 0.000739787 1.33707e-11 0.958667
0.00394834 0.459936 0.527576 1.73026e-13 0.00853912
0.00392303 0.460955 0.526584 1.62434e-13 0.00853846
0.00808005 0.0184946 0.000338616 4.39214e-12 0.973087
0.0119672 0.0248763 0.000604185 2.29986e-11 0.962552
0.00505968 0.491555 0.491082 4.60928e-13 0.0123036
0.00470594 0.471858 0.513022 4.13151e-13 0.0104136
0.00353923 0.446584 0.542576 1.17826e-13 0.0073006
0.00499294 0.50314 0.478831 3.89214e-13 0.0130364
0.00559336 0.494948 0.485901 8.10896e-13 0.0135574
0.0159584 0.0319786 0.000990394 7.61332e-11 0.951073
0.998531 2.72734e-18 6.08099e-13 0.00146912 9.24374e-17
0.00507578 0.487464 0.495429 4.79454e-13 0.0120319
0.00476413 0.486083 0.497749 4.02868e-13 0.0114039
0.997092 4.40257e-06 2.73641e-06 4.02773e-07 0.00290059
0.00376909 0.441047 0.547736 1.70409e-13 0.00744762
0.00404245 0.461566 0.5256 2.32994e-13 0.00879158
0.233909 0.00314916 0.000142159 2.42054e-09 0.7628
0.00465411 0.492378 0.491392 2.93148e-13 0.0115754
0.00517907 0.489633 0.4928 5.18531e-13 0.0123878
0.00868904 0.0172415 0.000314723 3.39632e-12 0.973755
0.998795 2.33246e-18 4.88699e-13 0.00120458 9.20477e-17
0.00564609 0.490612 0.490427 8.70731e-13 0.0133142
0.999088 8.46056e-18 1.14788e-12 0.000912053 3.04067e-16
0.00353318 0.443571 0.545729 1.32481e-13 0.0071664
0.011789 0.0222876 0.000516738 2.13542e-11 0.965407
0.00553813 0.500786 0.479813 7.08127e-13 0.0138623
0.00375346 0.424712 0.564789 2.66146e-13 0.00674511
0.00528213 0.490698 0.491397 6.69543e-13 0.0126231
0.997947 3.2933e-18 6.1414e-13 0.00205305 1.51785e-16
0.0215006 0.0477966 0.00188162 3.82803e-11 0.928821
0.00571492 0.49554 0.484945 9.14806e-13 0.0137998
0.00393696 0.460283 0.527197 1.50266e-13 0.00858255
0.00386622 0.454856 0.53311 1.88681e-13 0.00816712
0.999157 1.3114e-06 1.33064e-06 5.84787e-07 0.000839845
0.00375346 0.424712 0.564789 2.66146e-13 0.00674511
0.0103259 0.034319 0.000865124 4.76061e-12 0.95449
0.000947769 2.77059e-27 7.14713e-21 0.999052 1.73252e-22
0.010432 0.0218453 0.000475763 1.32851e-11 0.967247
0.00404722 0.463031 0.524062 2.10423e-13 0.00885941
0.0017253 5.20516e-26 6.96436e-20 0.998275 2.01893e-21
0.0132129 0.0308127 0.000850596 1.91413e-11 0.955124
0.0158093 0.0407456 0.00135769 4.06287e-11 0.942087
0.9949 8.00844e-06 4.06506e-06 3.46277e-07 0.0050879
0.998948 2.21264e-17 1.82653e-12 0.00105221 1.21735e-15
0.0109976 0.0229671 0.00052104 1.5954e-11 0.965514
0.0131452 0.027591 0.000732432 3.80718e-11 0.958531
0.0015895 5.85883e-26 7.93932e-20 0.99841 1.99727e-21
0.00285635 4.15581e-25 3.38361e-19 0.997144 1.22884e-20
0.00323459 1.4978e-23 5.53491e-18 0.996765 1.86548e-19
0.000575341 3.68058e-29 2.64188e-22 0.999425 5.08008e-24
0.00555829 0.501102 0.479409 5.502e-13 0.0139315
0.00549966 0.50614 0.474019 5.28083e-13 0.0143411
0.0136109 0.0194841 0.000437633 8.45669e-12 0.966467
0.00173743 9.53649e-26 1.0704e-19 0.998263 3.3151e-21
0.00329052 3.97052e-25 3.59042e-19 0.996709 1.11093e-20
0.00780493 0.0192707 0.000349345 3.07497e-12 0.972575
0.0122525 0.0212632 0.000492803 2.11081e-11 0.965992
0.00268976 2.70445e-25 2.52499e-19 0.99731 8.28957e-21
0.996864 1.34308e-17 9.31855e-13 0.00313628 1.81628e-15
0.989549 1.44453e-14 2.06953e-11 0.0104512 2.10356e-11
0.00140094 2.8141e-26 4.16883e-20 0.998599 1.22684e-21
0.488948 0.00254749 0.000195313 9.87522e-09 0.50831
0.992017 1.90626e-05 9.48542e-06 2.52972e-07 0.0079547
0.00195284 7.91241e-25 5.8338e-19 0.998047 1.56767e-20
0.00386036 0.44793 0.540392 1.97681e-13 0.00781744
0.00594271 0.51856 0.459191 6.52984e-13 0.0163058
0.00227863 1.003e-24 7.18483e-19 0.997721 2.00489e-20
0.00602738 0.50641 0.472225 8.89322e-13 0.0153368
0.00552851 0.505606 0.474605 6.15234e-13 0.0142604
0.0056481 0.503487 0.476537 6.81852e-13 0.0143278
0.00392656 0.45163 0.536325 1.97761e-13 0.0081179
0.998951 6.82658e-18 1.05387e-12 0.00104905 2.38041e-16
0.99851 2.43287e-18 4.78273e-13 0.00149007 1.10185e-16
0.008533 0.0205551 0.000396854 4.66087e-12 0.970515
0.0124021 0.0450649 0.00134268 5.20258e-12 0.94119
0.00303972 2.4774e-25 2.25329e-19 0.99696 8.89769e-21
0.00399262 0.4633 0.523917 1.78262e-13 0.00879081
0.00793008 0.0183464 0.000328122 3.85402e-12 0.973395
0.0120708 0.0231965 0.000555716 2.3872e-11 0.964177
0.0059146 0.498862 0.480783 1.01067e-12 0.0144405
0.00211306 9.50049e-26 1.11524e-19 0.997887 3.37486e-21
0.00389514 0.461274 0.526313 1.47634e-13 0.00851716
0.998371 1.76033e-18 4.47245e-13 0.00162939 6.37758e-17
0.0158148 0.0372739 0.00121794 8.11513e-11 0.945693
0.0124164 0.0232037 0.000561279 2.4962e-11 0.963819
0.0013858 3.96425e-26 5.54621e-20 0.998614 1.54434e-21
0.00412314 0.472554 0.513827 1.58488e-13 0.00949524
0.99839 1.73711e-18 4.58834e-13 0.00160961 5.89632e-17
0.00373996 0.466575 0.521194 1.19647e-13 0.00849154
0.00376861 0.452083 0.536269 1.50849e-13 0.00787977
0.00495158 0.480328 0.5034 4.94992e-13 0.0113196
0.0172299 0.0337957 0.0011022 7.10252e-11 0.947872
0.00365621 0.449864 0.538838 1.39898e-13 0.00764138
0.00516884 0.497548 0.484327 4.47848e-13 0.012957
0.999001 1.92685e-14 4.26527e-11 0.000999448 6.995e-12
0.0154945 0.0326485 0.00100474 6.94078e-11 0.950852
0.00566176 0.495743 0.484894 8.14351e-13 0.0137013
0.00256509 7.64354e-25 5.86224e-19 0.997435 1.68258e-20
0.00368852 0.456613 0.531746 1.42408e-13 0.00795233
0.00518257 0.496431 0.4855 4.5876e-13 0.0128859
0.999111 1.65637e-17 1.60702e-12 0.000888994 6.99482e-16
0.00370167 0.449795 0.538835 1.45406e-13 0.00766802
0.00499926 0.485559 0.497625 5.51791e-13 0.0118166
0.00429142 0.460259 0.526339 2.98802e-13 0.00911095
0.00744505 0.0164602 0.00027519 2.46561e-12 0.97582
0.0110428 0.0251394 0.000589675 1.57487e-11 0.963228
0.00492936 0.486382 0.496993 4.53209e-13 0.0116954
0.00178088 2.05927e-25 1.94e-19 0.998219 5.88561e-21
0.00360307 0.443654 0.545498 1.4921e-13 0.00724447
0.00519884 0.50586 0.475303 4.3138e-13 0.0136382
0.997621 3.42536e-06 2.36192e-06 4.94819e-07 0.0023723
0.0055919 0.507064 0.472828 6.50479e-13 0.0145162
0.00654264 0.496868 0.48152 8.49015e-13 0.0150702
0.00523591 0.476156 0.507075 8.17685e-13 0.0115333
0.00212946 8.47831e-26 1.05968e-19 0.997871 3.09832e-21
0.00395976 0.453634 0.53412 1.98627e-13 0.00828581
0.000834726 2.25588e-27 6.22751e-21 0.999165 1.33315e-22
0.00173557 2.62976e-26 3.94965e-20 0.998264 1.28566e-21
0.0100924 0.0369685 0.000936148 2.55452e-12 0.952003
0.998982 1.84207e-18 4.13187e-13 0.0010177 7.35247e-17
0.00512002 0.491276 0.491209 5.1073e-13 0.0123946
0.0127279 0.048937 0.00150758 3.52756e-12 0.936828
0.000969552 9.76218e-27 1.87781e-20 0.99903 4.44228e-22
0.998674 3.92729e-18 6.50586e-13 0.00132561 1.83061e-16
0.00538341 0.496689 0.484635 5.79086e-13 0.0132923
0.0177848 0.0344407 0.00114971 9.67535e-11 0.946625
0.00134269 2.84854e-26 4.42001e-20 0.998657 1.13497e-21
0.00716925 0.492827 0.484476 9.02146e-13 0.015528
0.0119475 0.023172 0.000546227 2.08007e-11 0.964334
0.996867 6.9353e-16 5.64789e-12 0.00313268 2.79016e-13
0.998142 3.42075e-06 2.65916e-06 4.68478e-07 0.00185188
0.00411476 0.466107 0.520679 2.14212e-13 0.00909892
0.0124848 0.044656 0.00132536 5.25421e-12 0.941534
0.0143589 0.0288972 0.000814395 4.39616e-11 0.955929
0.998096 3.2808e-06 2.46767e-06 3.8371e-07 0.00189787
0.00677432 0.492444 0.485796 1.05049e-12 0.0149856
0.00503818 0.484108 0.499079 4.82326e-13 0.0117749
0.00468657 0.479948 0.504516 3.61755e-13 0.0108496
0.00479537 0.481652 0.502355 3.87923e-13 0.0111977
0.0086922 0.0186295 0.000349685 4.30152e-12 0.972329
0.00109234 2.53862e-27 7.11734e-21 0.998908 1.57449e-22
0.246131 2.88695e-14 2.62921e-10 0.753869 2.68434e-12
0.0146575 0.0294589 0.000850116 5.74203e-11 0.955033
0.00418741 0.456635 0.530421 2.57958e-13 0.00875718
0.998602 2.29289e-18 5.31197e-13 0.00139781 8.09217e-17
0.00537174 0.502582 0.478319 5.53715e-13 0.0137271
0.00388813 0.463514 0.523996 1.49082e-13 0.00860186
0.015006 0.0290456 0.000836208 5.63656e-11 0.955112
0.998561 5.03617e-18 7.92026e-13 0.00143934 2.17565e-16
0.00786013 0.0185942 0.000332859 2.58922e-12 0.973213
0.0038702 0.4512 0.536905 1.98191e-13 0.00802475
0.00513608 0.508174 0.472961 4.01147e-13 0.013729
0.00227687 2.4722e-25 2.19659e-19 0.997723 8.13918e-21
0.0101341 0.020747 0.000437732 1.19798e-11 0.968681
0.00359964 0.443996 0.545125 1.35515e-13 0.00727909
0.998953 1.25746e-18 3.49923e-13 0.0010475 4.42817e-17
0.00219429 1.01976e-25 1.16422e-19 0.997806 3.87702e-21
0.000912801 1.45023e-27 4.5911e-21 0.999087 9.68914e-23
0.993847 1.39768e-17 1.02408e-12 0.00615319 1.62582e-15
0.0037025 2.165e-25 2.20248e-19 0.996298 7.80427e-21
0.00373326 0.453264 0.535143 1.54839e-13 0.00785953
0.0125427 0.0230775 0.000559168 2.65239e-11 0.963821
0.00473285 0.482901 0.501265 3.85982e-13 0.0111014
0.01118 0.0255551 0.000611934 1.8737e-11 0.962653
0.00514534 0.49149 0.49091 4.93643e-13 0.0124542
0.000894596 2.09004e-27 5.91412e-21 0.999105 1.32203e-22
0.0150677 0.0291536 0.000850945 7.02975e-11 0.954928
0.00369209 0.452494 0.536016 1.40539e-13 0.00779801
0.00263324 4.07992e-25 3.42079e-19 0.997367 1.14482e-20
0.35162 0.00347659 0.000217196 5.1162e-09 0.644686
0.998601 1.14241e-14 3.52318e-11 0.00139945 3.52837e-12
0.00548067 0.493066 0.488204 6.07152e-13 0.0132491
0.0055639 0.499687 0.480862 6.99755e-13 0.0138868
0.00223856 1.61033e-25 1.61195e-19 0.997761 5.51574e-21
0.00169415 7.90092e-26 9.83881e-20 0.998306 2.67662e-21
0.0137079 0.0287442 0.000790496 3.25238e-11 0.956757
0.000966966 2.15713e-27 5.9921e-21 0.999033 1.4157e-22
0.000773668 1.2541e-27 3.92623e-21 0.999226 8.58654e-23
0.0133222 0.0341587 0.000975346 1.55233e-11 0.951544
0.996879 4.95386e-06 3.14475e-06 4.27374e-07 0.00311251
0.998074 2.59745e-06 1.89382e-06 5.00432e-07 0.00192116
0.00410915 0.465932 0.520845 2.06806e-13 0.00911433
0.0041707 0.454325 0.532881 2.58067e-13 0.00862337
0.00540166 0.495959 0.485341 6.45559e-13 0.0132981
0.00364454 0.464465 0.523648 1.18692e-13 0.00824252
0.000844477 1.42111e-27 4.31709e-21 0.999156 9.81533e-23
0.00204621 2.30505e-25 2.1982e-19 0.997954 6.60552e-21
0.00208139 8.31248e-25 5.72047e-19 0.997919 1.79899e-20
0.00263876 2.2766e-25 2.05522e-19 0.997361 7.99245e-21
0.000896515 2.06934e-27 5.80093e-21 0.999103 1.33827e-22
0.998475 2.58132e-18 5.81486e-13 0.0015248 8.99274e-17
0.000807149 2.00469e-27 5.69739e-21 0.999193 1.22406e-22
0.0118073 0.0228151 0.00053572 1.86732e-11 0.964842
0.00556458 4.91297e-15 1.07947e-11 0.994435 1.48866e-12
0.00553071 0.507342 0.472667 5.95913e-13 0.0144595
0.000815329 1.49446e-27 4.39263e-21 0.999185 1.02949e-22
0.00360087 0.442146 0.547033 1.4312e-13 0.0072202
0.00122443 2.83773e-26 4.20249e-20 0.998776 1.15349e-21
0.00532289 0.487896 0.494255 7.12392e-13 0.0125258
0.0120476 0.0210956 0.000486458 2.0255e-11 0.96637
0.0237335 0.0381172 0.00142827 4.7673e-11 0.936721
0.00101066 2.26898e-27 6.40894e-21 0.998989 1.45438e-22
0.00108764 3.87861e-27 9.50048e-21 0.998912 2.29015e-22
0.0106178 0.0329287 0.000827654 4.38754e-12 0.955626
0.00530912 0.487698 0.494543 6.68708e-13 0.0124507
0.00386497 0.467436 0.519926 1.49466e-13 0.00877309
0.0148998 0.0311812 0.000921767 5.95638e-11 0.952997
0.998189 3.7397e-06 3.3135e-06 5.58959e-07 0.00180325
0.00496896 0.490879 0.492062 4.3214e-13 0.0120905
0.00569533 0.49815 0.482168 8.00023e-13 0.0139868
0.00504768 0.489497 0.49333 4.81696e-13 0.0121261
0.981793 2.55832e-14 2.13502e-11 0.0182065 8.68452e-11
0.00101061 3.29712e-27 8.60468e-21 0.998989 1.89755e-22
0.00393635 0.457528 0.530118 1.74271e-13 0.00841728
0.000778627 1.36712e-27 4.17535e-21 0.999221 9.23621e-23
0.00378748 0.45784 0.530203 1.46256e-13 0.00816958
0.995896 8.90482e-06 5.67708e-06 4.20183e-07 0.00408897
0.998895 2.16991e-06 2.33412e-06 8.11299e-07 0.0010999
0.00353318 0.443571 0.545729 1.32481e-13 0.0071664
0.0155836 0.0342656 0.0010702 7.39124e-11 0.949081
0.000684362 1.07351e-27 3.50607e-21 0.999316 7.09357e-23
0.0135077 0.0408761 0.00126573 2.06133e-11 0.94435
0.00378313 0.456535 0.531536 1.33212e-13 0.008146
0.995082 9.04971e-06 4.64624e-06 2.12513e-07 0.00490407
0.0125629 0.0468069 0.00141771 3.86718e-12 0.939213
0.00502649 0.489772 0.493083 4.55585e-13 0.0121185
0.0153531 0.0498236 0.00173047 1.66366e-11 0.933093
0.000519518 1.76321e-29 1.50981e-22 0.999481 2.81514e-24
0.997838 4.69906e-06 3.7332e-06 5.05048e-07 0.00215321
0.753579 1.88074e-17 5.50382e-13 0.246421 1.71499e-14
0.00383089 0.457616 0.530305 1.55264e-13 0.008248
0.00543712 0.491825 0.489692 6.23801e-13 0.0130458
0.00401813 0.465264 0.521821 1.91053e-13 0.0088967
0.99877 3.44036e-18 6.27946e-13 0.00123005 1.3809e-16
0.00351932 0.448929 0.540188 1.07188e-13 0.00736369
0.00561035 0.505481 0.474497 6.67912e-13 0.0144119
0.0104656 0.0186384 0.000384465 1.19012e-11 0.970512
0.00538746 0.496123 0.485231 5.59358e-13 0.0132583
0.0037855 0.454828 0.533343 1.5879e-13 0.00804427
0.00830438 0.0191594 0.000355865 3.43384e-12 0.97218
0.0155218 0.0363416 0.00115027 3.59646e-11 0.946986
0.0116831 0.0343778 0.000906332 4.11688e-12 0.953033
0.00571461 0.504373 0.475399 7.33544e-13 0.0145129
0.998719 2.54267e-18 5.64822e-13 0.00128144 9.26108e-17
0.00544834 0.501632 0.479158 5.85569e-13 0.0137615
0.0052811 0.50007 0.48128 5.43636e-13 0.0133696
0.998542 2.30436e-18 5.55324e-13 0.00145826 7.68065e-17
0.9963 1.15144e-14 2.1062e-11 0.00369997 1.05036e-11
0.00499571 0.492641 0.490098 3.96242e-13 0.0122655
0.997847 3.63409e-15 1.42364e-11 0.00215262 1.6254e-12
0.99883 1.78146e-18 4.57576e-13 0.0011698 5.85272e-17
0.0145024 0.0289923 0.00082133 4.64044e-11 0.955684
0.00487906 0.495268 0.487664 3.97582e-13 0.0121893
0.00371866 0.446749 0.541937 1.4887e-13 0.00759455
0.00572263 0.506329 0.473208 7.76542e-13 0.0147413
0.00357382 0.444378 0.544784 1.38576e-13 0.00726476
0.998898 6.14879e-18 1.0292e-12 0.00110242 1.96437e-16
0.0160947 0.0347668 0.00111711 9.26363e-11 0.948021
0.00173147 1.59125e-25 1.58744e-19 0.998268 4.88506e-21
0.0053273 0.496349 0.485125 5.67163e-13 0.0131991
0.000753208 9.54199e-28 3.19619e-21 0.999247 6.82239e-23
0.00314276 4.00809e-25 3.50908e-19 0.996857 1.16273e-20
0.00622693 0.500099 0.478713 8.88832e-13 0.0149607
0.0293567 0.0395425 0.00167544 1.89258e-10 0.929425
0.998953 1.11105e-17 1.23768e-12 0.00104707 5.13024e-16
0.000940403 2.73758e-27 7.41683e-21 0.99906 1.59393e-22
0.00395979 0.460185 0.527291 1.91895e-13 0.00856455
0.00388813 0.463514 0.523996 1.49082e-13 0.00860186
0.00359011 0.443385 0.545774 1.46906e-13 0.00725154
0.998546 1.72858e-17 1.43655e-12 0.00145422 1.10217e-15
0.00400675 0.457606 0.52986 1.91525e-13 0.00852706
0.00364803 0.4525 0.536115 1.2091e-13 0.00773745
0.00540686 0.498632 0.482465 5.87625e-13 0.0134953
0.0160188 0.035824 0.00115362 8.13381e-11 0.947004
0.00401621 0.458591 0.528801 2.03036e-13 0.0085911
0.0124922 0.0345741 0.000965418 1.62684e-11 0.951968
0.000894086 1.86116e-27 5.43093e-21 0.999106 1.20807e-22
0.00401997 0.457358 0.530094 2.13934e-13 0.0085284
0.00571371 0.489882 0.491044 1.00868e-12 0.0133604
0.212238 0.00310361 0.000132434 2.31236e-09 0.784526
0.00456248 0.498042 0.485574 2.43894e-13 0.0118208
0.00524458 0.500914 0.480489 5.12599e-13 0.0133524
0.00557796 0.504294 0.475851 6.49382e-13 0.0142768
0.00336583 3.5024e-25 3.21455e-19 0.996634 1.04214e-20
0.0022272 4.30345e-25 3.51812e-19 0.997773 1.1113e-20
0.00227019 1.06465e-24 7.11132e-19 0.99773 2.21011e-20
0.0131769 0.0364011 0.00106857 2.03841e-11 0.949353
0.00348948 0.443772 0.545607 1.08833e-13 0.00713168
0.00364454 0.464465 0.523648 1.18692e-13 0.00824252
0.0107101 0.534138 0.428219 2.52543e-12 0.0269334
0.0116609 0.0230299 0.00053696 1.9341e-11 0.964772
0.00486958 0.482398 0.501404 4.20482e-13 0.0113288
0.0112138 0.023672 0.00054725 1.83219e-11 0.964567
0.996804 6.10762e-06 3.99776e-06 4.04727e-07 0.00318516
0.998784 4.4636e-18 8.31261e-13 0.00121602 1.49188e-16
0.0039795 0.458441 0.529062 1.97179e-13 0.00851706
0.00448969 0.450948 0.535587 3.97442e-13 0.00897489
0.0036978 0.445134 0.543685 1.53413e-13 0.00748312
0.000786699 1.26815e-27 3.95714e-21 0.999213 8.71603e-23
0.000808763 1.26907e-27 3.99316e-21 0.999191 8.73421e-23
0.0122261 0.0426201 0.00124139 4.48752e-12 0.943912
0.00424557 0.479464 0.506211 2.00133e-13 0.0100789
0.00418887 0.461956 0.524851 2.40104e-13 0.00900446
0.00344428 0.437367 0.552394 1.24938e-13 0.00679459
0.00417976 0.462301 0.524477 2.36712e-13 0.00904205
0.0231505 0.032259 0.00112463 5.49814e-11 0.943466
0.460519 0.115021 0.407802 3.00254e-09 0.0166576
0.0122822 0.0365644 0.00101935 6.29568e-12 0.950134
0.00545297 0.490921 0.490657 7.17337e-13 0.0129684
0.00376198 0.458003 0.530079 1.41494e-13 0.00815607
0.00322337 1.18715e-24 8.04971e-19 0.996777 2.66504e-20
0.0138404 0.036647 0.00109695 1.99947e-11 0.948416
0.000497731 1.76456e-29 1.48567e-22 0.999502 2.77923e-24
0.00359254 0.450674 0.538161 1.19669e-13 0.00757232
0.00447423 0.479636 0.505423 2.71172e-13 0.0104665
0.00384389 0.467763 0.519674 1.33932e-13 0.00871976
0.998892 3.57804e-16 5.84435e-12 0.00110809 5.37398e-14
0.0172156 0.0329328 0.00106445 1.08006e-10 0.948787
0.998222 3.57209e-06 2.79637e-06 3.14279e-07 0.00177123
0.000960681 1.9758e-27 5.72653e-21 0.999039 1.27548e-22
0.0146085 0.0401498 0.00126167 1.72327e-11 0.94398
0.00704879 0.52336 0.450781 9.03834e-13 0.01881
0.00375318 0.450983 0.537447 1.60326e-13 0.00781655
0.0077982 0.0180125 0.000316679 3.09621e-12 0.973873
0.00200448 6.66122e-26 8.71286e-20 0.997995 2.48874e-21
0.00425429 0.460832 0.52581 2.43417e-13 0.00910379
0.0109148 0.0223776 0.000504818 1.64218e-11 0.966203
0.0139389 0.0344598 0.00101644 2.49259e-11 0.950585
0.00551693 0.493046 0.488211 7.48956e-13 0.0132261
0.34959 6.69325e-18 2.07512e-13 0.65041 1.03101e-14
0.999147 5.9204e-18 8.33697e-13 0.00085277 2.50216e-16
0.00408388 0.467038 0.51975 1.92281e-13 0.00912811
0.00525744 0.494695 0.487156 5.64819e-13 0.0128924
0.998805 2.55782e-06 2.66157e-06 7.06956e-07 0.00118914
0.00533872 0.493075 0.488684 6.30622e-13 0.0129022
0.997524 5.8959e-18 7.81244e-13 0.00247569 3.42171e-16
0.000827081 1.21272e-27 3.92156e-21 0.999173 8.34952e-23
0.0204431 0.0268654 0.000828121 4.7397e-11 0.951863
0.0162603 0.0334799 0.00106133 8.9469e-11 0.949199
0.00083153 1.47993e-27 4.43922e-21 0.999169 1.01987e-22
0.000986543 2.03668e-27 5.82596e-21 0.999013 1.34382e-22
0.00386307 0.479837 0.506916 1.19534e-13 0.00938387
0.998978 9.26426e-18 1.03156e-12 0.00102171 4.4498e-16
0.00359254 0.450674 0.538161 1.19669e-13 0.00757232
0.00984398 0.0262585 0.000589164 6.50884e-12 0.963308
0.012106 0.0227404 0.000540565 2.16269e-11 0.964613
0.987689 2.80387e-05 1.03638e-05 1.17796e-07 0.0122729
0.998629 2.58174e-18 5.77851e-13 0.00137069 8.91049e-17
0.00373996 0.466575 0.521194 1.19647e-13 0.00849154
0.0022108 1.17045e-25 1.27672e-19 0.997789 4.30256e-21
0.999278 6.56368e-17 3.18254e-12 0.000722069 3.99436e-15
0.00108266 1.36004e-26 2.36098e-20 0.998917 6.26845e-22
0.000454051 1.70898e-29 1.43239e-22 0.999546 2.65462e-24
0.00562639 0.501696 0.478492 7.70391e-13 0.0141854
0.0220529 0.0310235 0.00102871 2.73164e-11 0.945895
0.00283248 1.27889e-24 8.63986e-19 0.997168 2.61447e-20
0.99797 3.30912e-06 2.46274e-06 4.60108e-07 0.00202392
0.00151343 4.9114e-26 6.48595e-20 0.998487 1.9058e-21
0.0038258 0.454624 0.533467 1.67309e-13 0.00808284
0.00204297 9.56195e-26 1.12306e-19 0.997957 3.33721e-21
0.00368279 0.460145 0.528071 1.25583e-13 0.00810076
0.0106578 0.0325629 0.000817762 7.7997e-12 0.955962
0.000773657 1.49428e-27 4.50798e-21 0.999226 9.66952e-23
0.00538198 0.488138 0.49382 6.68931e-13 0.0126597
0.00497745 0.487964 0.495175 4.49345e-13 0.0118835
0.0126864 0.0252645 0.000626107 1.84756e-11 0.961423
0.000748457 8.39766e-28 2.96217e-21 0.999252 6.00404e-23
0.00904796 0.0209318 0.00041297 4.39907e-12 0.969607
0.998626 2.81494e-18 5.88112e-13 0.00137428 1.06418e-16
0.017647 0.0348576 0.00116581 1.1905e-10 0.94633
0.000830831 1.43466e-27 4.40575e-21 0.999169 9.62781e-23
0.00385313 0.451605 0.536537 1.75186e-13 0.00800474
0.0115695 0.0380866 0.0010547 8.04687e-12 0.949289
0.0051671 0.495611 0.486368 4.44499e-13 0.0128539
0.00373153 0.449424 0.539134 1.56979e-13 0.00771017
0.0032071 3.2204e-25 2.93415e-19 0.996793 1.0247e-20
0.000395286 1.01447e-29 9.86186e-23 0.999605 1.63369e-24
0.00481831 0.479381 0.504747 4.46933e-13 0.0110544
0.998614 1.6157e-18 4.44372e-13 0.00138558 5.27463e-17
0.00391746 5.70825e-25 4.63097e-19 0.996083 1.66134e-20
0.00496438 0.493427 0.489289 4.31229e-13 0.0123196
0.00545744 0.504658 0.475801 6.03546e-13 0.0140838
0.998839 3.12735e-18 6.50453e-13 0.00116106 1.04272e-16
0.0019685 3.74836e-26 5.62058e-20 0.998031 1.58243e-21
0.998583 2.07089e-18 4.73326e-13 0.00141683 8.12697e-17
0.0056385 0.495842 0.484808 7.24998e-13 0.0137122
0.00393617 0.460984 0.526495 2.01696e-13 0.00858531
0.00285963 2.19921e-25 2.05799e-19 0.99714 7.76415e-21
0.00387067 0.467318 0.520037 1.4597e-13 0.00877409
0.983939 1.33564e-15 6.1337e-12 0.0160615 1.44383e-12
0.998879 2.59054e-18 5.49234e-13 0.00112058 9.57905e-17
0.00533284 0.492712 0.489053 6.14317e-13 0.012902
0.0024047 2.01393e-25 1.97375e-19 0.997595 6.58182e-21
0.999509 2.75092e-14 5.38136e-11 0.000491264 7.88335e-12
0.00197484 1.23463e-25 1.31637e-19 0.998025 4.25465e-21
0.998815 2.39615e-06 2.39915e-06 5.74797e-07 0.00117992
0.00218304 8.37736e-26 9.96807e-20 0.997817 3.17032e-21
0.00389866 0.451363 0.536691 1.94735e-13 0.00804801
0.0128619 0.0488406 0.00151173 4.13114e-12 0.936786
0.00379766 0.459874 0.528023 1.33317e-13 0.00830523
0.00582648 0.493982 0.486339 1.00529e-12 0.0138522
0.00123816 9.00788e-27 1.81911e-20 0.998762 4.60365e-22
0.00526051 0.486003 0.496476 6.70108e-13 0.0122609
0.00397189 0.463022 0.52426 1.70302e-13 0.00874537
0.004135 0.461083 0.525879 2.08428e-13 0.00890278
0.00384572 9.86657e-25 6.3433e-19 0.996154 2.86502e-20
0.000835364 1.19271e-27 3.82753e-21 0.999165 8.40464e-23
0.000912725 2.18193e-27 6.08591e-21 0.999087 1.38462e-22
0.00482069 0.482875 0.501043 4.40613e-13 0.0112615
0.998047 3.59299e-06 2.85929e-06 6.81786e-07 0.00194624
0.998738 4.68588e-18 8.12409e-13 0.00126209 1.71601e-16
0.00816068 0.0251357 0.000510025 2.39894e-12 0.966194
0.00374921 0.455759 0.532454 1.46399e-13 0.00803746
0.0167153 0.0598449 0.00231983 2.34352e-11 0.92112
0.00472014 0.483366 0.500792 3.65574e-13 0.0111211
0.999334 3.3361e-17 2.51076e-12 0.000666441 1.33368e-15
0.00529378 0.486239 0.496111 6.65215e-13 0.0123556
0.0036612 0.44918 0.539553 1.31651e-13 0.00760594
0.00396396 0.460912 0.526535 1.99375e-13 0.00858875
0.00474105 0.48937 0.494307 3.24634e-13 0.0115819
0.999083 2.67089e-18 5.26781e-13 0.000916545 1.08344e-16
0.00382113 0.448214 0.540173 1.86803e-13 0.00779255
0.00334528 0.439939 0.549963 1.02709e-13 0.00675243
0.00342663 3.37697e-25 3.13334e-19 0.996573 1.0202e-20
0.00403942 0.468749 0.518098 1.73546e-13 0.00911367
0.00508773 0.49101 0.491574 5.08455e-13 0.012329
0.00539513 0.499412 0.48165 5.4375e-13 0.0135434
0.0124994 0.0220553 0.000524986 2.35338e-11 0.96492
0.00463434 0.476871 0.507859 3.34842e-13 0.0106355
0.0117118 0.0256379 0.000627498 2.30233e-11 0.962023
0.00354103 3.64264e-25 3.17105e-19 0.996459 1.1988e-20
0.00359571 0.457832 0.530704 1.05955e-13 0.00786832
0.00378911 0.458161 0.529854 1.4328e-13 0.00819668
0.00369023 0.465265 0.522701 1.09174e-13 0.00834421
0.998 1.63245e-18 4.46394e-13 0.00199967 5.74668e-17
0.00112432 2.48454e-26 3.84939e-20 0.998876 9.76527e-22
0.998548 3.68742e-18 6.69914e-13 0.00145204 1.47633e-16
0.0134849 0.0261079 0.000693304 4.45807e-11 0.959714
0.0147482 0.0332991 0.00100438 5.34021e-11 0.950948
0.00842088 0.021998 0.000430932 3.65549e-12 0.96915
0.0113048 0.023609 0.000546368 1.0405e-11 0.96454
